5 1.71661376953125e-05
15 1.2159347534179688e-05
25 1.4066696166992188e-05
35 1.6927719116210938e-05
45 2.09808349609375e-05
55 2.09808349609375e-05
65 2.6941299438476562e-05
75 3.0994415283203125e-05
85 3.600120544433594e-05
95 3.695487976074219e-05
105 4.291534423828125e-05
115 4.1961669921875e-05
125 5.0067901611328125e-05
135 5.602836608886719e-05
145 5.793571472167969e-05
155 5.888938903808594e-05
165 6.556510925292969e-05
175 6.699562072753906e-05
185 7.224082946777344e-05
195 6.771087646484375e-05
205 7.605552673339844e-05
215 7.796287536621094e-05
225 7.796287536621094e-05
235 0.00011181831359863281
245 5.0067901611328125e-05
255 7.009506225585938e-05
265 5.888938903808594e-05
275 5.1975250244140625e-05
285 5.316734313964844e-05
295 5.507469177246094e-05
305 5.793571472167969e-05
315 6.079673767089844e-05
325 6.29425048828125e-05
335 6.508827209472656e-05
345 6.67572021484375e-05
355 6.914138793945312e-05
365 7.104873657226562e-05
375 0.00012421607971191406
385 8.106231689453125e-05
395 8.106231689453125e-05
405 8.320808410644531e-05
415 8.58306884765625e-05
425 8.726119995117188e-05
435 9.012222290039062e-05
445 9.179115295410156e-05
455 9.512901306152344e-05
465 0.00017905235290527344
475 0.00012540817260742188
485 0.00010204315185546875
495 0.000102996826171875
505 0.00012493133544921875
515 0.0002048015594482422
525 0.0001201629638671875
535 0.0002810955047607422
545 0.0002448558807373047
555 0.00026988983154296875
565 0.00012803077697753906
575 0.00014591217041015625
585 0.000202178955078125
595 0.00013113021850585938
605 0.00013208389282226562
615 0.00022912025451660156
625 0.0001361370086669922
635 0.00013685226440429688
645 0.0005269050598144531
655 0.0002872943878173828
665 0.0002281665802001953
675 0.0003070831298828125
685 0.00022912025451660156
695 0.000164031982421875
705 0.0001609325408935547
715 0.00016307830810546875
725 0.0001709461212158203
735 0.00016808509826660156
745 0.0002181529998779297
755 0.0003230571746826172
765 0.0006382465362548828
775 0.0003578662872314453
785 0.00028324127197265625
795 0.0001919269561767578
805 0.0001900196075439453
815 0.0002510547637939453
825 0.00041604042053222656
835 0.00037407875061035156
845 0.00028705596923828125
855 0.0004620552062988281
865 0.00039196014404296875
875 0.0003845691680908203
885 0.0004978179931640625
895 0.00039696693420410156
905 0.0003981590270996094
915 0.0004038810729980469
925 0.00041103363037109375
935 0.0004134178161621094
945 0.0004820823669433594
955 0.0004911422729492188
965 0.0004858970642089844
975 0.00040721893310546875
985 0.0005350112915039062
995 0.00043892860412597656
