5 2.002716064453125e-05
15 1.2159347534179688e-05
25 1.5020370483398438e-05
35 1.6927719116210938e-05
45 1.9073486328125e-05
55 2.384185791015625e-05
65 2.8133392333984375e-05
75 3.0994415283203125e-05
85 3.504753112792969e-05
95 3.910064697265625e-05
105 4.100799560546875e-05
115 4.601478576660156e-05
125 5.0067901611328125e-05
135 4.792213439941406e-05
145 5.0067901611328125e-05
155 4.9114227294921875e-05
165 5.4836273193359375e-05
175 9.083747863769531e-05
185 6.127357482910156e-05
195 6.794929504394531e-05
205 6.914138793945312e-05
215 6.985664367675781e-05
225 7.295608520507812e-05
235 8.225440979003906e-05
245 8.511543273925781e-05
255 9.489059448242188e-05
265 0.00010395050048828125
275 0.00010704994201660156
285 0.00010013580322265625
295 9.703636169433594e-05
305 0.00010275840759277344
315 0.00010514259338378906
325 0.0001201629638671875
335 0.00016498565673828125
345 0.00013303756713867188
355 0.00012969970703125
365 0.0001289844512939453
375 0.00013971328735351562
385 0.0001430511474609375
395 0.0001499652862548828
405 0.00015282630920410156
415 0.0001621246337890625
425 0.0001671314239501953
435 0.0001678466796875
445 0.00027680397033691406
455 0.00019884109497070312
465 0.00018024444580078125
475 0.00028586387634277344
485 0.00022602081298828125
495 0.00027680397033691406
505 0.00022482872009277344
515 0.00021505355834960938
525 0.0002090930938720703
535 0.00042891502380371094
545 0.0002598762512207031
555 0.0002391338348388672
565 0.00023221969604492188
575 0.00023126602172851562
585 0.00024509429931640625
595 0.0002498626708984375
605 0.0002560615539550781
615 0.0002598762512207031
625 0.0002620220184326172
635 0.0002551078796386719
645 0.00026297569274902344
655 0.00025773048400878906
665 0.0002579689025878906
675 0.00015282630920410156
685 0.0002620220184326172
695 0.00015687942504882812
705 0.0003230571746826172
715 0.00016999244689941406
725 0.0003161430358886719
735 0.0003349781036376953
745 0.0002512931823730469
755 0.00016880035400390625
765 0.00016999244689941406
775 0.00018286705017089844
785 0.0002639293670654297
795 0.0003879070281982422
805 0.00019502639770507812
815 0.00019097328186035156
825 0.00019097328186035156
835 0.00019407272338867188
845 0.00019097328186035156
855 0.00019311904907226562
865 0.0002009868621826172
875 0.00020313262939453125
885 0.0002701282501220703
895 0.0004520416259765625
905 0.00039196014404296875
915 0.0002689361572265625
925 0.00020503997802734375
935 0.0002028942108154297
945 0.00020313262939453125
955 0.0002040863037109375
965 0.00020813941955566406
975 0.00021195411682128906
985 0.00021386146545410156
995 0.00021696090698242188
